269.32
533.99
557.37
179.15
230.01
261.49
679.01
217.77
232.25
533.57
176.20
641.21
601.15
50.82
264.17
267.72
625.19
219.07
427.26
300.71
443.81
217.73
0.00
225.27
570.50
609.09
301.97
213.46
202.79
504.17
163.33
351.26
110.57
471.30
554.17
531.80
345.78
549.86
132.17
252.57
834.06
694.32
330.40
496.17
270.86
190.75
517.50
386.56
336.78
215.43
169.74
114.47
277.30
293.74
219.19
222.01
328.76
342.14
364.12
471.31
364.44
29.86
724.68
158.77
30.30
350.85
366.04
0.00
0.00
304.09
218.45
434.17
544.47
484.47
226.53
123.91
342.07
507.88
245.29
119.82
269.35
226.74
165.35
0.00
483.93
445.57
387.70
160.03
500.80
585.91
134.29
237.38
392.15
485.39
41.68
122.98
275.35
281.80
114.19
532.71
345.10
582.50
277.37
378.86
125.50
470.36
0.00
269.33
0.00
426.13
347.57
474.11
363.05
255.75
0.00
274.67
323.68
731.75
233.01
236.06
327.33
315.80
345.87
171.96
327.88
174.60
542.87
394.57
285.20
498.38
31.68
338.09
465.26
195.03
706.88
250.41
157.11
384.28
247.39
169.04
186.03
348.26
450.91
274.16
373.95
306.18
223.94
344.42
215.05
766.74
266.60
0.00
314.25
226.29
506.53
467.81
563.88
0.00
102.03
441.81
0.00
550.34
501.73
287.65
537.41
170.01
291.74
286.51
396.77
187.17
0.00
496.91
239.55
105.96
485.11
127.12
221.73
373.16
439.00
314.16
367.04
455.96
196.67
549.92
542.08
537.40
433.55
276.04
478.37
313.20
201.07
50.61
426.65
568.28
264.99
498.45
130.90
230.46
107.14
368.32
347.15
133.26
0.00
514.25
0.00
565.78
386.65
344.52
102.58
533.64
519.39
451.20
232.85
228.19
541.96
346.85
202.30
515.30
198.59
469.69
716.97
327.75
332.11
91.42
59.44
132.52
103.23
199.81
340.59
496.17
0.00
334.41
205.98
676.26
148.23
201.10
84.17
0.00
54.94
0.00
297.67
349.07
105.98
176.79
674.48
270.72
285.70
327.20
0.00
528.14
0.00
344.40
313.35
242.15
298.64
136.06
123.04
335.91
382.92
528.64
580.44
270.11
110.19
294.96
120.94
504.76
410.88
392.69
402.14
530.37
466.25
268.04
297.01
99.40
399.47
229.72
232.01
494.71
274.10
341.00
106.32
547.99
201.74
0.00
545.25
256.88
189.77
228.58
640.08
565.62
0.00
245.77
59.63
100.22
315.69
218.78
154.60
