457.370739
153.305328
358.501928
0.000000
52.878486
0.000000
238.420374
424.155509
575.510233
282.098043
563.435192
206.433976
497.075150
322.490025
135.774105
479.010694
481.481241
406.700189
448.854362
0.000000
379.433583
278.460572
180.930589
0.000000
169.455550
489.613520
326.171899
274.578477
516.457339
122.917517
263.000983
0.000000
374.985245
0.000000
228.471434
139.440973
212.232690
502.294841
399.644102
564.398279
838.271187
0.000000
59.524519
297.971902
443.915918
518.806782
265.000958
464.176551
175.386417
155.511932
371.174798
0.000000
358.643942
360.774559
0.000000
132.461239
414.503620
419.619146
225.319132
262.405464
293.176296
291.055675
0.000000
185.196213
742.760975
217.634821
537.734139
178.449888
99.436606
467.935943
619.904606
397.523296
449.668338
376.878754
722.197407
171.077060
0.000000
218.114159
332.355651
523.952235
212.498816
416.554799
751.578963
253.331419
338.400403
234.574339
188.515821
179.911187
208.899104
385.341663
501.794007
110.374305
298.986541
130.746220
370.395107
206.253359
643.422374
424.667488
178.516666
583.180576
156.685171
391.336815
347.177392
0.000000
217.813878
265.813917
0.000000
517.943928
535.629005
609.929217
119.634354
360.263787
288.094151
166.347292
397.300453
188.400508
117.162411
923.601566
124.892646
247.796919
225.620734
508.244397
513.648713
276.336610
202.853637
309.689216
449.881615
574.044062
278.583093
293.684809
25.802568
0.000000
471.829463
88.245796
223.838524
88.723280
360.487186
486.071374
331.566320
471.249303
163.628742
190.034658
375.643807
322.871589
580.455381
295.882423
0.000000
362.296481
124.793170
0.000000
0.000000
201.294456
574.796754
302.271232
319.752394
463.108034
185.052653
178.769643
395.369938
171.795199
107.253090
230.455631
158.642149
0.000000
503.628289
154.445108
441.986197
277.662647
520.060075
0.000000
271.225208
0.000000
0.000000
516.356903
83.799183
574.439007
184.581701
209.918279
385.672753
505.246489
0.000000
359.581843
164.943666
131.097091
194.897020
361.581554
474.546915
343.427896
415.271817
422.460588
335.023798
316.234375
507.804497
424.648833
306.302249
316.113273
0.000000
80.236421
217.877258
162.817155
237.078687
209.568973
641.739800
141.279193
402.158580
482.435028
188.272886
267.344167
479.269667
581.969231
233.135817
350.565852
210.092369
514.173437
135.653587
535.838002
325.169250
392.336422
285.232505
157.151308
230.387648
340.680424
330.954259
439.640643
0.000000
296.473948
517.582491
272.892615
182.794484
136.721259
381.107664
129.679209
84.073282
138.202713
389.177451
223.934095
116.210838
342.273503
132.385505
96.284523
96.303874
243.239064
179.663909
244.440054
227.018011
287.079394
140.022492
213.853052
105.769351
321.820948
261.258015
137.804439
276.108982
276.108982
226.537433
104.007870
265.236029
147.090059
83.945139
247.755949
132.173813
274.918881
53.115838
98.913437
398.776163
230.711326
109.511135
