142.68
348.46
559.62
337.29
264.29
477.54
392.63
460.89
38.83
70.19
409.61
213.25
502.72
475.14
947.55
825.87
668.17
289.01
307.65
172.84
203.76
472.85
1038.22
335.37
575.12
713.22
846.48
1044.58
274.63
385.75
292.96
528.11
982.81
524.51
555.56
554.44
384.15
188.74
679.67
364.65
751.61
264.09
1594.62
495.87
186.54
266.97
199.80
943.99
547.59
529.53
321.01
202.11
349.98
363.68
123.68
462.57
502.73
328.66
294.57
791.37
346.00
649.65
369.48
228.28
647.58
441.29
995.34
568.53
192.34
263.94
409.42
522.02
383.01
99.41
273.22
275.02
278.06
417.52
376.31
229.26
138.17
137.55
640.11
33.55
740.46
230.87
288.06
446.87
141.05
190.32
231.98
108.19
197.97
441.94
251.94
584.97
110.86
293.11
361.32
382.97
76.26
283.54
733.32
299.82
408.98
102.38
217.81
246.02
556.82
359.52
283.41
410.07
576.42
794.29
601.89
67.14
351.53
67.48
315.95
539.63
445.32
209.42
344.10
98.06
305.42
442.98
288.55
20.15
324.91
338.15
204.74
277.24
511.06
444.83
179.74
193.74
319.93
396.30
195.76
456.56
333.38
556.25
430.21
853.88
138.05
347.52
629.51
284.84
585.05
205.34
362.74
330.43
848.17
305.62
584.00
367.02
464.25
163.93
568.56
577.43
243.82
488.34
382.55
437.76
127.83
308.96
351.53
578.10
269.69
339.98
362.43
173.88
350.09
131.86
117.54
121.18
398.47
363.54
700.28
510.85
858.40
167.51
328.33
81.56
366.09
319.46
307.51
298.32
410.87
216.34
213.04
314.99
414.21
224.77
165.44
453.93
328.74
20.95
165.23
293.15
468.92
231.45
278.93
595.20
347.58
427.26
216.09
634.19
356.33
496.03
190.69
126.29
428.70
393.29
452.62
723.36
393.77
416.27
99.75
553.53
205.37
403.29
222.80
375.72
202.95
269.39
165.45
582.33
363.49
33.89
423.40
138.81
923.28
514.94
253.21
120.10
884.94
170.67
601.58
323.58
786.82
213.46
459.76
355.17
844.36
483.81
240.95
658.86
648.20
187.46
410.46
237.40
253.34
365.20
492.49
199.05
338.34
406.71
468.07
319.10
507.23
134.60
394.03
560.61
370.13
335.07
297.70
430.74
486.84
124.32
392.30
239.68
936.95
132.98
405.70
797.34
488.64
54.62
287.76
353.82
339.92
183.99
594.45
270.54
146.59
513.05
333.04
131.49
389.29
690.20
362.29
148.97
337.16
396.93
347.19
741.93
275.55
351.93
248.86
191.66
278.32
437.76
84.60
456.98
538.96
421.36
217.66
310.32
472.17
322.88
317.61
595.09
308.24
339.30
584.26
419.40
654.15
315.24
356.40
144.85
314.74
225.45
621.97
195.69
211.42
232.78
579.62
220.01
114.41
520.90
352.27
144.05
507.33
605.76
157.15
533.96
514.64
254.17
121.76
383.32
254.84
38.31
199.44
597.93
394.03
254.56
345.22
119.11
569.02
257.80
454.30
546.96
396.03
338.88
847.32
459.69
490.40
381.73
641.72
289.46
593.87
416.88
336.68
229.52
393.97
194.96
579.59
155.68
84.71
337.01
302.77
255.71
316.23
219.35
248.32
448.95
394.75
