993.02
482.51
701.95
0.00
0.00
358.10
0.00
0.00
592.78
169.42
99.55
305.83
482.16
142.67
396.70
75.83
333.06
108.45
171.37
320.50
208.99
183.12
188.33
622.63
94.42
127.15
382.77
191.76
394.86
544.82
138.47
88.61
761.67
497.30
308.15
248.81
328.21
525.71
52.48
179.13
297.01
140.95
384.15
634.65
589.61
190.69
468.17
722.95
527.64
222.31
582.64
279.23
142.97
371.10
198.98
208.57
194.33
184.98
517.84
298.05
429.01
338.45
507.93
557.63
191.99
219.24
61.40
346.23
124.03
170.96
314.53
346.11
66.32
486.46
141.32
289.34
126.22
262.58
543.92
524.88
465.74
358.35
561.34
275.84
320.16
578.07
734.08
281.89
105.77
218.60
142.68
195.47
196.18
184.06
294.38
166.90
369.76
530.08
260.06
81.49
399.93
454.08
333.28
167.78
386.03
296.58
201.98
514.52
379.24
222.21
438.93
516.76
247.45
326.99
72.97
151.01
712.02
743.89
509.92
333.91
226.59
197.66
257.09
554.11
600.83
340.12
157.16
213.09
340.90
180.02
244.72
276.69
417.65
433.78
382.21
405.75
185.93
196.96
604.81
903.72
162.72
519.19
472.31
441.19
308.30
590.28
248.31
422.68
117.98
628.72
157.20
401.56
773.89
345.80
537.27
318.76
533.01
255.27
75.95
449.79
372.08
306.87
236.02
53.49
260.21
554.77
140.55
158.73
668.18
340.53
401.47
428.52
730.41
978.34
538.67
312.95
547.21
332.83
130.09
668.71
374.77
732.56
349.41
143.39
656.69
481.98
367.77
236.80
145.04
537.44
348.29
253.56
472.66
260.82
455.16
522.36
346.63
300.74
357.44
494.88
470.88
399.84
431.37
48.33
273.93
330.10
631.40
502.30
335.95
84.79
286.11
240.19
186.67
395.40
112.74
163.58
53.52
453.54
379.78
238.94
449.51
291.65
325.90
130.54
250.30
311.66
44.29
487.61
532.43
212.50
241.11
484.94
421.41
254.13
595.67
340.28
582.94
110.94
412.38
603.20
284.98
297.68
489.82
57.80
207.39
215.17
161.20
134.26
257.47
267.49
399.43
70.70
592.64
160.86
273.36
171.73
99.77
649.77
240.82
814.32
421.25
485.87
524.65
666.02
305.19
288.37
78.08
268.59
371.07
91.70
772.89
411.37
403.55
193.37
369.39
191.14
523.41
327.49
288.08
532.92
636.48
213.60
80.24
55.48
225.96
323.85
473.15
484.00
226.82
150.01
267.77
590.55
202.28
291.46
348.19
135.45
186.71
250.02
555.32
459.86
453.38
489.08
271.84
190.96
312.72
174.46
339.66
200.19
374.62
218.15
172.88
198.34
479.05
521.42
269.18
497.59
220.56
436.57
252.12
654.54
212.20
282.24
83.51
370.61
138.74
358.90
180.97
395.06
204.37
368.31
175.44
646.32
161.95
498.08
446.81
356.05
267.14
209.26
78.01
299.57
197.97
288.94
60.79
142.07
217.86
101.75
8.78
490.06
326.57
572.20
192.52
176.99
136.37
143.12
575.41
395.59
203.20
332.98
273.59
470.40
504.84
330.86
