413.60
644.95
105.35
554.49
557.08
0.00
0.00
0.00
0.00
0.00
401.19
74.41
403.02
23.86
129.51
531.71
515.22
599.39
537.57
119.64
549.11
182.90
173.94
403.29
210.24
381.43
404.76
153.09
588.00
674.24
640.73
272.44
618.64
599.99
88.41
109.51
477.48
432.18
278.83
398.83
279.09
400.59
490.78
325.88
173.14
22.81
154.60
195.11
300.66
190.69
139.89
420.31
250.20
265.48
357.15
652.30
485.15
73.37
155.43
257.70
221.92
435.02
570.76
338.95
118.43
249.47
411.42
287.66
322.30
385.67
107.03
513.14
598.81
329.61
234.70
212.74
420.82
255.34
736.48
284.37
293.87
536.74
242.82
324.69
548.90
457.71
318.06
262.29
305.16
467.97
529.92
833.40
255.43
260.81
102.11
390.98
241.78
288.34
510.34
242.34
191.31
274.66
334.21
284.88
266.45
137.87
221.82
397.34
703.40
241.34
245.77
380.68
683.68
129.49
360.83
421.27
126.56
187.34
643.22
126.10
419.86
661.93
466.47
220.86
106.72
194.81
161.50
752.41
438.50
350.78
419.40
512.00
703.52
262.15
793.95
290.89
270.90
458.09
18.42
146.82
578.25
201.80
173.10
269.92
221.93
765.36
124.84
236.12
602.89
361.94
87.25
477.22
203.51
109.68
302.86
234.97
436.79
195.58
322.70
543.86
459.39
82.27
412.93
191.93
563.59
393.75
345.80
691.05
508.46
47.18
475.64
146.49
316.18
546.81
635.98
197.33
45.69
252.10
403.44
178.56
255.14
549.40
165.86
190.85
744.33
384.43
631.07
303.73
201.35
507.31
610.46
184.97
302.96
170.25
721.54
323.11
295.59
560.00
57.47
156.41
193.72
501.46
448.89
469.02
229.01
307.08
87.45
94.25
285.31
227.93
642.68
736.65
270.37
290.33
692.77
640.31
219.15
384.17
157.29
233.67
122.67
226.75
52.53
86.08
96.47
404.64
715.01
38.61
348.76
418.51
234.76
231.45
365.40
286.45
526.39
380.51
248.75
171.08
299.90
115.16
303.31
255.31
153.40
123.21
462.38
431.44
326.96
371.59
229.94
592.85
180.39
470.33
350.66
30.32
322.87
369.69
75.01
271.14
594.31
390.19
246.73
585.78
163.21
253.92
248.86
121.27
163.80
366.40
509.52
318.98
744.91
338.01
147.49
62.05
272.90
205.41
295.31
262.81
494.76
294.07
621.10
473.44
205.40
255.30
458.24
382.73
445.42
368.01
214.57
582.94
109.35
195.25
297.85
637.97
342.16
401.54
684.55
259.71
619.14
360.28
302.72
810.11
184.25
217.12
472.43
520.60
86.71
295.00
295.67
173.57
385.23
255.55
117.16
387.37
51.22
497.24
328.03
354.30
307.33
448.73
306.59
400.20
427.79
534.22
405.10
459.70
281.78
546.08
425.01
422.83
263.18
416.96
283.91
258.84
196.21
494.26
461.35
108.16
212.17
448.84
503.23
461.33
440.09
198.04
124.88
526.73
96.25
418.90
86.93
241.71
657.43
62.23
591.85
315.28
437.58
369.59
352.38
806.99
570.53
1027.36
156.94
